
function RGB_list = get_chart_values(chart_image)
%% getting the list of colors of the given chart
    I = chart_image;

    RGB_list = [ I(911, 1394, 1), I(911, 1394, 2), I(911, 1394, 3)
          I(893, 1140, 1), I(893, 1140, 2), I(893, 1140, 3)
          I(920, 937, 1), I(920, 937, 2), I(920, 937, 3)
          I(906, 680, 1), I(906, 680, 2), I(906, 680, 3)
          I(953, 433, 1), I(953, 433, 2), I(953, 433, 3)
          I(897, 137, 1), I(897, 137, 2), I(897, 137, 3)
          I(661, 1394, 1), I(661, 1394, 2), I(661, 1394, 3)
          I(661, 1168, 1), I(661, 1168, 2), I(661, 1168, 3)
          I(680, 904, 1), I(680, 904, 2), I(680, 904, 3)
          I(652, 664, 1), I(652, 664, 2), I(652, 664, 3)
          I(680, 433, 1), I(680, 433, 2), I(680, 433, 3)
          I(652, 169, 1), I(652, 169, 2), I(652, 169, 3)
          I(412, 1399, 1), I(412, 1399, 2), I(412, 1399, 3)
          I(467, 1186, 1), I(467, 1186, 2), I(467, 1186, 3)
          I(421, 877, 1), I(421, 877, 2), I(421, 877, 3)
          I(481, 669, 1), I(481, 669, 2), I(481, 669, 3)
          I(453, 377, 1), I(453, 377, 2), I(453, 377, 3)
          I(407, 151, 1), I(407, 151, 2), I(407, 151, 3)
          I(144, 1413, 1), I(144, 1413, 2), I(144, 1413, 3)
          I(171, 1163, 1), I(171, 1163, 2), I(171, 1163, 3)
          I(227, 900, 1), I(227, 900, 2), I(227, 900, 3)
          I(199, 655, 1), I(199, 655, 2), I(199, 655, 3)
          I(208, 442, 1), I(208, 442, 2), I(208, 442, 3)
          I(181, 142, 1), I(181, 142, 2), I(181, 142, 3)];
return
end






